3    0   
33   1   
63   2   
93   3   
123  4   
153  5   
183  6   
213  7   
243  8   
273  9   
303  10  
333  11  
363  12  
393  13  
423  14  
453  15  
483  16  
513  17  
543  18  
573  19  
603  20  
633  21  
663  22  
693  23  
723  24  
753  25  
783  26  
813  27  
843  28  
873  29  
903  30  
933  31  
963  32  
993  33  
1023 34  
1053 35  
1083 36  
1113 37  
1143 38  
1173 39  
1203 40  
1233 41  
1263 42  
1293 43  
1323 44  
1353 45  
1383 46  
1413 47  
1443 48  
1473 49  
1503 50  
1533 51  
1563 52  
1593 53  
1623 54  
1653 55  
1683 56  
1713 57  
1743 58  
1773 59  
1803 60  
1833 61  
1863 62  
1893 63  
1923 64  
1953 65  
1983 66  
2013 67  
2043 68  
2073 69  
2103 70  
2133 71  
2163 72  
2193 73  
2223 74  
2253 75  
2283 76  
2313 77  
2343 78  
2373 79  
2403 80  
2433 81  
2463 82  
2493 83  
2523 84  
2553 85  
2583 86  
2613 87  
2643 88  
2673 89  
2703 90  
2733 91  
2763 92  
2793 93  
2823 94  
2853 95  
2883 96  
2913 97  
2943 98  
2973 99  
3003 100 
3033 101 
3063 102 
3093 103 
3123 104 
3153 105 
3183 106 
3213 107 
3243 108 
3273 109 
3303 110 
3333 111 
3363 112 
3393 113 
3423 114 
3453 115 
3483 116 
3513 117 
3543 118 
3573 119 
3603 120 
3633 121 
3663 122 
3693 123 
3723 124 
3753 125 
3783 126 
3813 127 
3843 128 
3873 129 
3903 130 
3933 131 
3963 132 
3993 133 
4023 134 
4053 135 
4083 136 
4113 137 
4143 138 
4173 139 
4203 140 
4233 141 
4263 142 
4293 143 
4323 144 
4353 145 
4383 146 
4413 147 
4443 148 
4473 149 
4503 150 
4533 151 
4563 152 
4593 153 
4623 154 
4653 155 
4683 156 
4713 157 
4743 158 
4773 159 
4803 160 
4833 161 
4863 162 
4893 163 
4923 164 
4953 165 
4983 166 
5013 167 
5043 168 
5073 169 
5103 170 
5133 171 
5163 172 
5193 173 
5223 174 
5253 175 
5283 176 
5313 177 
5343 178 
5373 179 
5403 180 
5433 181 
5463 182 
5493 183 
5523 184 
5553 185 
5583 186 
5613 187 
5643 188 
5673 189 
5703 190 
5733 191 
5763 192 
5793 193 
5823 194 
5853 195 
5883 196 
5913 197 
5943 198 
5973 199 
6003 200 
6033 201 
6063 202 
6093 203 
6123 204 
6153 205 
6183 206 
6213 207 
6243 208 
6273 209 
6303 210 
6333 211 
6363 212 
6393 213 
6423 214 
6453 215 
6483 216 
6513 217 
6543 218 
6573 219 
6603 220 
6633 221 
6663 222 
6693 223 
6723 224 
6753 225 
6783 226 
6813 227 
6843 228 
6873 229 
6903 230 
6933 231 
6963 232 
6993 233 
7023 234 
7053 235 
7083 236 
7113 237 
7143 238 
7173 239 
7203 240 
7233 241 
7263 242 
7293 243 
7323 244 
7353 245 
7383 246 
7413 247 
7443 248 
7473 249 
7503 250 
7533 251 
7563 252 
7593 253 
7623 254 
7653 255 
7683 256 
7713 257 
7743 258 
7773 259 
7803 260 
7833 261 
7863 262 
7893 263 
7923 264 
7953 265 
7983 266 
8013 267 
8043 268 
8073 269 
8103 270 
8133 271 
8163 272 
8193 273 
8223 274 
8253 275 
8283 276 
8313 277 
8343 278 
8373 279 
8403 280 
8433 281 
8463 282 
8493 283 
8523 284 
8553 285 
8583 286 
8613 287 
8643 288 
8673 289 
8703 290 
8733 291 
8763 292 
8793 293 
8823 294 
8853 295 
8883 296 
8913 297 
8943 298 
8973 299 
9003 300 
9033 301 
9063 302 
9093 303 
9123 304 
9153 305 
9183 306 
9213 307 
9243 308 
9273 309 
9303 310 
9333 311 
9363 312 
9393 313 
9423 314 
9453 315 
9483 316 
9513 317 
9543 318 
9573 319 
9603 320 
9633 321 
9663 322 
9693 323 
9723 324 
9753 325 
9783 326 
9813 327 
9843 328 
9873 329 
9903 330 
9933 331 
9963 332 
9993 333 
10023334 
10053335 
10083336 
10113337 
10143338 
10173339 
10203340 
10233341 
10263342 
10293343 
10323344 
10353345 
10383346 
10413347 
10443348 
10473349 
10503350 
10533351 
10563352 
10593353 
10623354 
10653355 
10683356 
10713357 
10743358 
10773359 
10803360 
10833361 
10863362 
10893363 
10923364 
10953365 
10983366 
11013367 
11043368 
11073369 
11103370 
11133371 
11163372 
11193373 
11223374 
11253375 
11283376 
11313377 
11343378 
11373379 
11403380 
11433381 
11463382 
11493383 
11523384 
11553385 
11583386 
11613387 
11643388 
11673389 
11703390 
11733391 
11763392 
11793393 
11823394 
11853395 
11883396 
11913397 
11943398 
11973399 
12003400 
12033401 
12063402 
12093403 
12123404 
12153405 
12183406 
12213407 
12243408 
12273409 
12303410 
12333411 
12363412 
12393413 
12423414 
12453415 
12483416 
12513417 
12543418 
12573419 
12603420 
12633421 
12663422 
12693423 
12723424 
12753425 
12783426 
12813427 
12843428 
12873429 
12903430 
12933431 
12963432 
12993433 
13023434 
13053435 
13083436 
13113437 
13143438 
13173439 
13203440 
13233441 
13263442 
13293443 
13323444 
13353445 
13383446 
13413447 
13443448 
13473449 
13503450 
13533451 
13563452 
13593453 
13623454 
13653455 
13683456 
13713457 
13743458 
13773459 
13803460 
13833461 
13863462 
13893463 
13923464 
13953465 
13983466 
14013467 
14043468 
14073469 
14103470 
14133471 
14163472 
14193473 
14223474 
14253475 
14283476 
14313477 
14343478 
14373479 
14403480 
14433481 
14463482 
14493483 
14523484 
14553485 
14583486 
14613487 
14643488 
14673489 
14703490 
14733491 
14763492 
14793493 
14823494 
14853495 
14883496 
14913497 
14943498 
14973499 
15003500 
15033501 
15063502 
15093503 
15123504 
15153505 
15183506 
15213507 
15243508 
15273509 
15303510 
15333511 
15363512 
15393513 
15423514 
15453515 
15483516 
15513517 
15543518 
15573519 
15603520 
15633521 
15663522 
15693523 
15723524 
15753525 
15783526 
15813527 
15843528 
15873529 
15903530 
15933531 
15963532 
15993533 
16023534 
16053535 
16083536 
16113537 
16143538 
16173539 
16203540 
16233541 
16263542 
16293543 
16323544 
16353545 
16383546 
16413547 
16443548 
16473549 
16503550 
16533551 
16563552 
16593553 
16623554 
16653555 
16683556 
16713557 
16743558 
16773559 
16803560 
16833561 
16863562 
16893563 
16923564 
16953565 
16983566 
17013567 
17043568 
17073569 
17103570 
17133571 
17163572 
17193573 
17223574 
17253575 
17283576 
17313577 
17343578 
17373579 
17403580 
17433581 
17463582 
17493583 
17523584 
17553585 
17583586 
17613587 
17643588 
17673589 
17703590 
17733591 
17763592 
17793593 
17823594 
17853595 
17883596 
17913597 
17943598 
17973599 
18003600 
18033601 
18063602 
18093603 
18123604 
18153605 
18183606 
18213607 
18243608 
18273609 
18303610 
18333611 
18363612 
18393613 
18423614 
18453615 
18483616 
18513617 
18543618 
18573619 
18603620 
18633621 
18663622 
18693623 
18723624 
18753625 
18783626 
18813627 
18843628 
18873629 
18903630 
18933631 
18963632 
18993633 
19023634 
19053635 
19083636 
19113637 
19143638 
19173639 
19203640 
19233641 
19263642 
19293643 
19323644 
19353645 
19383646 
19413647 
19443648 
19473649 
19503650 
19533651 
19563652 
19593653 
19623654 
19653655 
19683656 
19713657 
19743658 
19773659 
19803660 
19833661 
19863662 
19893663 
19923664 
19953665 
19983666 
20013667 
20043668 
20073669 
20103670 
20133671 
20163672 
20193673 
20223674 
20253675 
20283676 
20313677 
20343678 
20373679 
20403680 
20433681 
20463682 
20493683 
20523684 
20553685 
20583686 
20613687 
20643688 
20673689 
20703690 
20733691 
20763692 
20793693 
20823694 
20853695 
20883696 
20913697 
20943698 
20973699 
21003700 
21033701 
21063702 
21093703 
21123704 
21153705 
21183706 
21213707 
21243708 
21273709 
21303710 
21333711 
21363712 
21393713 
21423714 
21453715 
21483716 
21513717 
21543718 
21573719 
21603720 
21633721 
21663722 
21693723 
21723724 
21753725 
21783726 
21813727 
21843728 
21873729 
21903730 
21933731 
21963732 
21993733 
22023734 
22053735 
22083736 
22113737 
22143738 
22173739 
22203740 
22233741 
22263742 
22293743 
22323744 
22353745 
22383746 
22413747 
22443748 
22473749 
22503750 
22533751 
22563752 
22593753 
22623754 
22653755 
22683756 
22713757 
22743758 
22773759 
22803760 
22833761 
22863762 
22893763 
22923764 
22953765 
22983766 
23013767 
23043768 
23073769 
23103770 
23133771 
23163772 
23193773 
23223774 
23253775 
23283776 
23313777 
23343778 
23373779 
23403780 
23433781 
23463782 
23493783 
23523784 
23553785 
23583786 
23613787 
23643788 
23673789 
23703790 
23733791 
23763792 
23793793 
23823794 
23853795 
23883796 
23913797 
23943798 
23973799 
24003800 
24033801 
24063802 
24093803 
24123804 
24153805 
24183806 
24213807 
24243808 
24273809 
24303810 
24333811 
24363812 
24393813 
24423814 
24453815 
24483816 
24513817 
24543818 
24573819 
24603820 
24633821 
24663822 
24693823 
24723824 
24753825 
24783826 
24813827 
24843828 
24873829 
24903830 
24933831 
24963832 
24993833 
25023834 
25053835 
25083836 
25113837 
25143838 
25173839 
25203840 
25233841 
25263842 
25293843 
25323844 
25353845 
25383846 
25413847 
25443848 
25473849 
25503850 
25533851 
25563852 
25593853 
25623854 
25653855 
25683856 
25713857 
25743858 
25773859 
25803860 
25833861 
25863862 
25893863 
25923864 
25953865 
25983866 
26013867 
26043868 
26073869 
26103870 
26133871 
26163872 
26193873 
26223874 
26253875 
26283876 
26313877 
26343878 
26373879 
26403880 
26433881 
26463882 
26493883 
26523884 
26553885 
26583886 
26613887 
26643888 
26673889 
26703890 
26733891 
26763892 
26793893 
26823894 
26853895 
26883896 
26913897 
26943898 
26973899 
27003900 
27033901 
27063902 
27093903 
27123904 
27153905 
27183906 
27213907 
27243908 
27273909 
27303910 
27333911 
27363912 
27393913 
27423914 
27453915 
27483916 
27513917 
27543918 
27573919 
27603920 
27633921 
27663922 
27693923 
27723924 
27753925 
27783926 
27813927 
27843928 
27873929 
27903930 
27933931 
27963932 
27993933 
28023934 
28053935 
28083936 
28113937 
28143938 
28173939 
28203940 
28233941 
28263942 
28293943 
28323944 
28353945 
28383946 
28413947 
28443948 
28473949 
28503950 
28533951 
28563952 
28593953 
28623954 
28653955 
28683956 
28713957 
28743958 
28773959 
28803960 
28833961 
28863962 
28893963 
28923964 
28953965 
28983966 
29013967 
29043968 
29073969 
29103970 
29133971 
29163972 
29193973 
29223974 
29253975 
29283976 
29313977 
29343978 
29373979 
29403980 
29433981 
29463982 
29493983 
29523984 
29553985 
29583986 
29613987 
29643988 
29673989 
29703990 
29733991 
29763992 
29793993 
29823994 
29853995 
29883996 
29913997 
29943998 
29973999 
